一: (121,393,799,8)
二: (293,587,440,42); (126,219,790,11)
十: (109,442,823,34); (456,811,51,-844)
土: (283,438,458,47); (461,760,15,-607); (129,99,793,30)
人: (483,736,-411,-641); (474,477,512,-387)
口: (229,584,119,-432); (304,569,357,-296); (369,185,375,39)
日: (284,684,18,-614); (359,660,329,-623); (357,413,224,18); (340,106,292,37)
月: (339,773,-194,-756); (415,764,123,-660); (417,542,171,22); (399,368,189,24)
山: (472,748,21,-540); (196,398,592,-161); (810,490,-12,-433)
水: (473,814,-115,-716); (147,491,-34,-381); (737,682,-147,-230); (539,500,451,-315)
木: (228,534,538,40); (453,825,33,-854); (474,519,-344,-395); (528,513,423,-354)
天: (326,698,401,46); (179,421,660,51); (438,664,-304,-601); (505,431,442,-396)
大: (210,458,600,59); (416,810,-278,-769); (486,430,467,-388)
金: (463,815,-403,-501); (529,721,438,-289); (326,438,323,37); (295,275,374,37); (462,420,12,-359); (264,203,94,-95); (667,264,-105,-136); (175,14,646,17)
国: (216,745,8,-720); (291,684,532,-683); (369,565,294,34); (359,390,284,19); (478,546,11,-292); (318,208,395,23); (657,375,88,-73); (257,50,515,48)
工: (296,634,473,43); (485,607,7,-387); (106,173,842,4)
立: (424,772,140,-83); (275,499,476,65); (320,385,84,-137); (603,461,-70,-302); (114,91,811,6)
心: (185,462,-52,-226); (306,473,385,-80); (425,667,117,-133); (761,607,154,-150)
青: (334,710,367,36); (344,593,335,33); (469,831,24,-324); (127,446,802,58); (348,388,-9,-388); (402,375,128,-344); (401,253,162,25); (394,157,177,21)
白: (449,809,-137,-273); (184,534,108,-446); (235,528,460,-481); (287,335,333,20); (311,150,344,11)
